dv <- 
c(1.79256570321054, 2.12756372112697, 3.62048876217153, 1.70412386094569,
0.832261546037144, 2.01959858294355, 2.42564790837445, 1.19622518824855,
0.941678332699866, 1.15330430859552, 1.00935629813435, 1.43709329828938,
0.990043496631529, 1.52290840229862, 0.852591048908185, 1.19084327871088,
2.24886394075515, 1.11324405184087, 0.888269166484017, 1.14481011814653,
1.00348848058939, 0.920001038546394, 0.909722319035273, 1.23994470870898,
3.60847296054481, 1.51600840359053, 2.50208318422217, 0.219867143354289,
0.621385018675989, 0.782936397321498, 1.17197667610082, 1.06795759345196,
1.01806290688878, 1.14713593789224, 0.990614327783625, 0.962800074186401,
0.554584340407247, 0.903070975761213, 0.3969701054774, 1.01699072459498,
1.11093947608747, 0.736116631598748, 1.26312041310985, 1.85265310566523,
2.79267514581618, 2.15049362343511, 1.90522655114701, 1.07302307541358,
3.0105776662485, 0.0527550535721748, 1.8027878358184, 2.38439443631651,
2.23703763444872, 1.64561727300333, 1.28894667253531, 1.03495515920699,
1.1496257720629, 1.04160635614433, 1.17509803756447, 1.18441839195406,
0.68026076294335, 2.12819013621767, 3.12615589617417, 1.29162805237785,
0.954664103607726, 0.855267871840566, 0.917904427051367, 1.13555381229831,
1.69518543810441, 0.768683458361628, 0.957105820720209, 4.2737257670113,
0.594643491154827, 1.09059878477563, 0.937246890560886, 1.27327826592445,
2.04636199274477, 0.813198352391247, 0.847406553724755, 2.69280991659803,
0.756086168926472, 1.31307078426278, 0.933024621420052, 1.81948920667018,
1.29155686941055, 0.773420017863751, 2.90498021105306, 1.80063531586414,
1.69015729331594, 2.15114203277107, 2.84127010431239, 1.29670016993995,
0.763864710870707, 1.35705501450347, 0.848386796119122, 1.38184527238735,
0.984951947416489, 1.34588504222123, 1.05905507352258, 1.87435622736226,
1.28634098653792, 1.05136482769808, 1.10254573958638, 1.25867800174683,
0.83857077333974, 0.709086197086216, 1.62903301613012, 2.30055980912973,
3.03170066323613, 1.56489758940175, 1.23438036582892, 0.537985955358267,
0.971660573579481, 0.793894438432644, 0.927335086223377, 1.21316933563293,
1.38212316416221, 1.31183874915311, 0.641174114148525, 0.383190682515453,
2.20635182727561, 0.808132984781725, 0.625156052025792, 0.701007844889461,
1.22870254859381, 1.26665046998692, 2.37163512976544, 2.27488498483815,
1.03236819094477, 2.06588557651843, 1.29611952020759, 0.148021141135177,
3.10885704529664, 0.943797556046466, 2.26041411665099, 1.8874134566877,
2.35625277160928, 1.0617177331928, 1.49057306983798, 1.09960228491734,
1.05257061769802, 1.42826551575906, 0.776170864087062, 0.787679025560106,
2.01139429219828, 3.40862360371969, 0.952589434474982, 0.860489781858449,
0.833936013278055, 0.64790833233475, 1.27336301938359, 2.78521078131003,
0.98752907312942, 1.66436468441065, 1.24135354680903, 1.0121952355388,
0.784782342716339, 3.22641569356364, 1.32402142368161, 0.833776414566511,
1.08144860100127, 1.3143209551425, 0.635430305139532, 2.3394919694452,
1.34578228184175, 0.735899770820379, 1.42982257121709, 1.48905290043772,
0.882174544020438, 0.926142175553901, 1.12607947368306, 1.11740003984237,
1.31417362828336, 0.490769320096155, 2.81834004214094, 1.5012193140862,
2.45121241187178, 1.13746874255877, 1.29034996982361, 1.07274359474804,
1.06128025945269, 1.17157273740707, 1.18208170825596, 1.19531213006962,
2.08898001435955, 0.813188860345155, 1.07112874278453, 0.914538127667993,
1.35367743603449, 0.728391610760657, 1.85737039409492, 2.96844696496419,
3.21341871300191, 1.20674968856318, 2.48230401181927, 1.74212988246312,
0.684022637815406, 1.03573421740559, 1.02401927236932, 1.13244015322685,
0.930718650243471, 1.01633943320237, 1.12213291813413, 1.01350341636685,
0.434043357119941, 1.39681322989378, 0.375475616197253, 0.789262335482365,
1.00570737987987, 0.921818348735408, 0.931912217723443, 1.96229104012742,
2.40941378870246, 2.73937552206106, 3.1284615596847, 1.10681797097022,
1.90615812896625, 2.14843238070341, 0.849915412306932, 2.13399374657442,
3.14908800410109, 1.28470265693503, 1.5487232582535, 0.909125184112471,
1.00827608458067, 1.08713354460016, 1.01059704172391, 1.13154887698395,
1.25513755952457, 0.81016362749408, 1.83363698588935, 2.59692964289133,
1.00039588872134, 0.779061132398871, 1.05558339525755, 0.954154813914904,
0.749905809915083, 0.885008013286157, 1.08804264146812, 3.61083662497343,
1.45430130762191, 1.09393197160091, 0.667471360199987, 1.29872107055327,
0.0133953036025072, 0.0719488924973865, 0.835139473335686, 1.37475240851345,
0.83301576465639, 1.1633571503578, 2.49017374466622, 0.743374421597226,
2.01886781712096, 0.648474686158668, 2.75195047685872, 1.05955932152698,
1.15432036731438, 1.28821970870775, 1.80043244437317, 0.851360154928331,
1.10124554010821)
N <- 261
N_r <- 101
order <- 3
phi0 <- 2.53072741539178
r_post <- 
c(0, 0.16525074413823, 0.330501488276459, 0.495752232414689,
0.661002976552919, 0.826253720691149, 0.991504464829378, 1.15675520896761,
1.32200595310584, 1.48725669724407, 1.6525074413823, 1.81775818552053,
1.98300892965876, 2.14825967379699, 2.31351041793522, 2.47876116207345,
2.64401190621168, 2.80926265034991, 2.97451339448814, 3.13976413862637,
3.3050148827646, 3.47026562690282, 3.63551637104105, 3.80076711517928,
3.96601785931751, 4.13126860345574, 4.29651934759397, 4.4617700917322,
4.62702083587043, 4.79227158000866, 4.95752232414689, 5.12277306828512,
5.28802381242335, 5.45327455656158, 5.61852530069981, 5.78377604483804,
5.94902678897627, 6.1142775331145, 6.27952827725273, 6.44477902139096,
6.61002976552919, 6.77528050966742, 6.94053125380565, 7.10578199794388,
7.27103274208211, 7.43628348622034, 7.60153423035857, 7.7667849744968,
7.93203571863503, 8.09728646277326, 8.26253720691149, 8.42778795104972,
8.59303869518795, 8.75828943932618, 8.92354018346441, 9.08879092760264,
9.25404167174087, 9.4192924158791, 9.58454316001732, 9.74979390415555,
9.91504464829378, 10.080295392432, 10.2455461365702, 10.4107968807085,
10.5760476248467, 10.7412983689849, 10.9065491131232, 11.0717998572614,
11.2370506013996, 11.4023013455379, 11.5675520896761, 11.7328028338143,
11.8980535779525, 12.0633043220908, 12.228555066229, 12.3938058103672,
12.5590565545055, 12.7243072986437, 12.8895580427819, 13.0548087869201,
13.2200595310584, 13.3853102751966, 13.5505610193348, 13.7158117634731,
13.8810625076113, 14.0463132517495, 14.2115639958878, 14.376814740026,
14.5420654841642, 14.7073162283024, 14.8725669724407, 15.0378177165789,
15.2030684607171, 15.3683192048554, 15.5335699489936, 15.6988206931318,
15.8640714372701, 16.0293221814083, 16.1945729255465, 16.3598236696847,
16.525074413823)
sd_phi0 <- 0.174532925199433
sd_si0 <- 0.258819045102521
si0 <- 0.573576436351046
